To_Class_2025        Water       Trees       Crops       Built       Bare       Total
From_Class_2020                                                                      
Water            1758.9490    310.2307    670.5915    187.6497   549.3830   3476.8039
Trees              61.3808  10689.8197    728.9190    303.8350    39.0156  11822.9702
Crops             722.1211   9192.4057  46250.5195   3125.2764   548.1773  59838.5001
Built              29.9041   1065.1583    494.4046  12579.0082    20.7374  14189.2126
Bare              351.7778    102.8308    300.3712     22.5166   705.9448   1483.4411
Total            2924.1328  21360.4453  48444.8058  16218.2858  1863.2581  90810.9278

Class-Level Transition Analysis:
       Initial (km2)  Final (km2)  Net Change  Change (%)  Retention (%) Lost Most To  Loss Amt Gained Most From  Gain Amt
Water        3476.80      2924.13     -552.67      -15.90          50.59        Crops    670.59            Crops    722.12
Trees       11822.97     21360.45     9537.48       80.67          90.42        Crops    728.92            Crops   9192.41
Crops       59838.50     48444.81   -11393.69      -19.04          77.29        Trees   9192.41            Trees    728.92
Built       14189.21     16218.29     2029.07       14.30          88.65        Trees   1065.16            Crops   3125.28
Bare         1483.44      1863.26      379.82       25.60          47.59        Water    351.78            Water    549.38

1. Massive Algorithm Noise / Spectral Confusion (The "Tree-Crop" Swap)

    The Data: "Trees" saw a mathematically impossible 80.67% increase (+9,537 km²) in just five years, while "Crops" saw a massive 19.04% decrease (-11,393 km²). The transition matrix shows they directly swapped a massive ~9,192 km² of land.

    The Conclusion: This is the classification error noted in your project. Satellites are fundamentally confusing dense, mature agriculture (like tall sugarcane or maize) and rural bamboo thickets with actual forest canopy. This data proves that for this specific timeframe, you cannot trust the strict algorithm boundary between "Trees" and "Crops."

2. Irreversible Urban Sprawl Over Fertile Land

    The Data: "Built" land grew by a steady 14.30% (+2,029 km²). It has a massive retention rate of 88.65% (once it is built, it stays built). Most importantly, it gained 3,125 km² directly from Crops.

    The Conclusion: Cities in Bihar are sprawling horizontally. Urban and infrastructure expansion is happening at the direct and permanent expense of highly fertile agricultural land.

3. Extreme Hydrological Volatility

    The Data: "Water" has a terribly low retention rate of just 50.59%. It dropped by nearly 16% overall. It lost heavily to Crops (670 km²) and Bare land (549 km²), while simultaneously gaining 722 km² back from Crops.

    The Conclusion: This highlights the shifting, erratic nature of Bihar's river systems and floodplains (like the Kosi River). Water boundaries are never static; as rivers shift or post-monsoon waters dry up, the land rapidly turns into bare soil or is immediately planted over by farmers.

4. Bare Land is Mostly Shifting River Sand

    The Data: "Bare" land is highly unstable, with a retention rate of only 47.59%. Its biggest exchanges are directly with Water (losing 351 km² to Water, but gaining 549 km² from Water).

    The Conclusion: In Bihar, "Bare" land is largely not permanent desert or rocky wasteland; it acts as a temporary buffer state. It represents dried-up riverbeds, shifting sandbars, and receding floodwaters that will likely be covered by water again in the next cycle.