District-Wide Transition Matrix (Area in sq kilometers):
To_Class_2025      Water      Trees      Crops     Built     Bare      Total
From_Class_2020                                                             
Water            36.1603     8.6260    10.2747    3.4587   4.5819    63.1016
Trees             4.6083   522.6604    67.4226   32.0411   0.6961   627.4285
Crops            20.3278  1149.5640  1066.8347  113.5591   6.6097  2356.8953
Built             1.6755    42.3600    16.4272  259.9048   1.0981   321.4657
Bare              4.9981     6.2015    12.2503    0.8331   6.8806    31.1637
Total            67.7700  1729.4120  1173.2095  409.7969  19.8664  3400.0548

Class-Level Transition Analysis:
       Initial (km2)  Final (km2)  Net Change  Change (%)  Retention (%) Lost Most To  Loss Amt Gained Most From  Gain Amt
Water          63.10        67.77        4.67        7.40          57.30        Crops     10.27            Crops     20.33
Trees         627.43      1729.41     1101.98      175.63          83.30        Crops     67.42            Crops   1149.56
Crops        2356.90      1173.21    -1183.69      -50.22          45.26        Trees   1149.56            Trees     67.42
Built         321.47       409.80       88.33       27.48          80.85        Trees     42.36            Crops    113.56
Bare           31.16        19.87      -11.30      -36.25          22.08        Crops     12.25            Crops      6.61